4.00648292777715e-05	-4.00648292777715e-05	-0.000116819895431815	-0.00018947765547565	-0.000257034998936517	-0.000318764830853918	-0.000374283495730771	-0.000423499821455003	-0.000466543938467937	-0.000503703399977918	-0.000535372458866709	-0.000562013348489054	-0.000584126706813653	-0.000602228549582238	-0.00061683201734288	-0.000628432883823901	-0.000637498314339128	-0.000644458596720479	-0.00064970160856087	-0.000653569723517144	-0.000656358769827283	-0.000658318582892979	-0.00065965466219683	-0.00066053045378276	-0.000661069825152143	-0.000661359367847307	-0.000661450242935236	-0.000661359367847307	-0.000661069825152143	-0.00066053045378276	-0.00065965466219683	-0.000658318582892978	-0.000656358769827283	-0.000653569723517144	-0.00064970160856087	-0.000644458596720478	-0.000637498314339128	-0.000628432883823901	-0.00061683201734288	-0.000602228549582238	-0.000584126706813653	-0.000562013348489054	-0.00053537245886671	-0.000503703399977918	-0.000466543938467937	-0.000423499821455003	-0.000374283495730771	-0.000318764830853918	-0.000257034998936517	-0.00018947765547565	-0.000116819895431815	-4.00648292777715e-05	4.00648292777715e-05
-4.00648292777715e-05	4.00648292777715e-05	0.000116819895431815	0.00018947765547565	0.000257034998936517	0.000318764830853918	0.000374283495730771	0.000423499821455003	0.000466543938467937	0.000503703399977918	0.000535372458866709	0.000562013348489054	0.000584126706813653	0.000602228549582238	0.00061683201734288	0.000628432883823901	0.000637498314339128	0.000644458596720479	0.00064970160856087	0.000653569723517144	0.000656358769827283	0.000658318582892979	0.00065965466219683	0.00066053045378276	0.000661069825152143	0.000661359367847307	0.000661450242935236	0.000661359367847307	0.000661069825152143	0.00066053045378276	0.00065965466219683	0.000658318582892978	0.000656358769827283	0.000653569723517144	0.00064970160856087	0.000644458596720478	0.000637498314339128	0.000628432883823901	0.00061683201734288	0.000602228549582238	0.000584126706813653	0.000562013348489054	0.00053537245886671	0.000503703399977918	0.000466543938467937	0.000423499821455003	0.000374283495730771	0.000318764830853918	0.000257034998936517	0.00018947765547565	0.000116819895431815	4.00648292777715e-05	-4.00648292777715e-05
-0.000116819895431815	0.000116819895431815	0.000327093898605933	0.000512027353842679	0.00067125130969036	0.000805687680159966	0.00091711165411822	0.00100776274179928	0.00108006201633386	0.00113643078355232	0.00117918520663661	0.00121048067402405	0.00123228588151637	0.001246373582621	0.00125432047891798	0.00125751234601133	0.00125715252728391	0.00125427287751885	0.00124974655899636	0.00124430211915526	0.00123853821912004	0.0012329383420001	0.00122788482543062	0.00122367163163496	0.00122051537072107	0.00121856420678209	0.00121790438447923	0.00121856420678209	0.00122051537072107	0.00122367163163496	0.00122788482543062	0.0012329383420001	0.00123853821912004	0.00124430211915526	0.00124974655899636	0.00125427287751885	0.00125715252728391	0.00125751234601133	0.00125432047891798	0.001246373582621	0.00123228588151637	0.00121048067402405	0.00117918520663661	0.00113643078355232	0.00108006201633386	0.00100776274179928	0.00091711165411822	0.000805687680159966	0.00067125130969036	0.000512027353842679	0.000327093898605933	0.000116819895431815	-0.000116819895431815
-0.00018947765547565	0.00018947765547565	0.000512027353842679	0.000778993234055861	0.000994534586813566	0.00116450890792125	0.00129531897885408	0.00139321091634932	0.00146391137949653	0.00151248422423988	0.00154331172805934	0.00156013684793607	0.00156612908150378	0.00156395453124745	0.00155584170103041	0.00154364039975344	0.00152887377936806	0.00151278440908789	0.00149637531404411	0.001480446629655	0.00146562822034518	0.00145240839395595	0.00144115873012122	0.00143215500886656	0.00142559423963238	0.00142160781953238	0.00142027087168878	0.00142160781953238	0.00142559423963238	0.00143215500886656	0.00144115873012122	0.00145240839395595	0.00146562822034518	0.001480446629655	0.00149637531404411	0.00151278440908789	0.00152887377936806	0.00154364039975344	0.00155584170103041	0.00156395453124745	0.00156612908150378	0.00156013684793607	0.00154331172805934	0.00151248422423988	0.00146391137949653	0.00139321091634932	0.00129531897885408	0.00116450890792126	0.000994534586813566	0.000778993234055861	0.000512027353842679	0.00018947765547565	-0.00018947765547565
-0.000257034998936517	0.000257034998936517	0.00067125130969036	0.000994534586813565	0.0012396271457578	0.00142001087535717	0.00154824010572149	0.00163523438132646	0.0016901264124283	0.00172038372495392	0.00173203568421604	0.00172991757874566	0.00171789236393075	0.00169903732075258	0.0016757956753908	0.00165009821686539	0.00162346099195749	0.00159706448358356	0.00157181847884475	0.00154841566672454	0.00152737608240009	0.00150908386600517	0.00149381738161269	0.0014817734785783	0.00147308650890881	0.00146784259335149	0.00146608952474871	0.00146784259335149	0.00147308650890881	0.0014817734785783	0.00149381738161269	0.00150908386600516	0.00152737608240009	0.00154841566672454	0.00157181847884475	0.00159706448358356	0.00162346099195749	0.00165009821686539	0.0016757956753908	0.00169903732075258	0.00171789236393075	0.00172991757874566	0.00173203568421604	0.00172038372495392	0.0016901264124283	0.00163523438132646	0.00154824010572149	0.00142001087535717	0.0012396271457578	0.000994534586813566	0.00067125130969036	0.000257034998936517	-0.000257034998936517
-0.000318764830853918	0.000318764830853918	0.000805687680159966	0.00116450890792125	0.00142001087535717	0.00159503518551159	0.00170884651828298	0.00177690705609444	0.00181128158937289	0.00182123991619699	0.00181385057147534	0.00179448703223183	0.00176723006139712	0.00173517620645256	0.00170067060354632	0.00166548219996317	0.00163093646404823	0.00159801703366656	0.00156744456102754	0.00153973853814892	0.00151526611327268	0.0014942806980344	0.0014769523617193	0.00146339147660657	0.00145366671434007	0.00144781822671163	0.00144586663030149	0.00144781822671163	0.00145366671434007	0.00146339147660657	0.0014769523617193	0.0014942806980344	0.00151526611327268	0.00153973853814892	0.00156744456102754	0.00159801703366656	0.00163093646404822	0.00166548219996317	0.00170067060354632	0.00173517620645256	0.00176723006139712	0.00179448703223183	0.00181385057147534	0.00182123991619699	0.00181128158937289	0.00177690705609444	0.00170884651828298	0.00159503518551159	0.00142001087535717	0.00116450890792126	0.000805687680159966	0.000318764830853918	-0.000318764830853918
-0.000374283495730771	0.000374283495730771	0.00091711165411822	0.00129531897885408	0.00154824010572149	0.00170884651828298	0.00180291766897369	0.00184983894324157	0.00186387719602425	0.00185541886670928	0.00183199249801837	0.00179905079071657	0.00176054504317405	0.00171933863151979	0.00167750253647408	0.00163652705549084	0.00159747482281204	0.00156109282554188	0.00152789554920514	0.00149822747227664	0.00147231047467823	0.00145027996723676	0.00143221239580974	0.00141814601141376	0.00140809627926988	0.00140206692911996	0.00140005736611019	0.00140206692911996	0.00140809627926988	0.00141814601141376	0.00143221239580974	0.00145027996723676	0.00147231047467823	0.00149822747227664	0.00152789554920514	0.00156109282554188	0.00159747482281204	0.00163652705549084	0.00167750253647408	0.00171933863151979	0.00176054504317405	0.00179905079071657	0.00183199249801837	0.00185541886670928	0.00186387719602425	0.00184983894324157	0.00180291766897369	0.00170884651828298	0.00154824010572149	0.00129531897885408	0.00091711165411822	0.000374283495730771	-0.000374283495730771
-0.000423499821455003	0.000423499821455003	0.00100776274179928	0.00139321091634932	0.00163523438132646	0.00177690705609444	0.00184983894324157	0.00187649608499238	0.00187257716665538	0.0018489669366427	0.00181319478780273	0.00177047125474086	0.00172440564302086	0.00167749705554664	0.00163146970576663	0.00158750311321451	0.00154639181404546	0.00150865771123788	0.00147463029736077	0.00144450474086631	0.00141838441609221	0.00139631226264923	0.00137829394959088	0.00136431490357675	0.00135435264989968	0.00134838549187054	0.00134639824395947	0.00134838549187054	0.00135435264989968	0.00136431490357675	0.00137829394959088	0.00139631226264923	0.00141838441609221	0.00144450474086631	0.00147463029736077	0.00150865771123788	0.00154639181404546	0.00158750311321451	0.00163146970576663	0.00167749705554664	0.00172440564302085	0.00177047125474086	0.00181319478780273	0.0018489669366427	0.00187257716665538	0.00187649608499238	0.00184983894324157	0.00177690705609444	0.00163523438132646	0.00139321091634932	0.00100776274179928	0.000423499821455003	-0.000423499821455003
-0.000466543938467936	0.000466543938467936	0.00108006201633386	0.00146391137949653	0.0016901264124283	0.00181128158937289	0.00186387719602425	0.00187257716665538	0.00185381987156258	0.00181849828737243	0.00177382156375005	0.00172456380923098	0.00167388726530107	0.00162388138052182	0.00157591628083974	0.00153087621943944	0.00148931557340082	0.00145156461970893	0.00141780240026563	0.00138810768209384	0.00136249505854129	0.00134094075966	0.00132340118504149	0.0013098261847293	0.0013001684720728	0.00129439012066488	0.00129246679301742	0.00129439012066488	0.0013001684720728	0.0013098261847293	0.00132340118504149	0.00134094075966	0.00136249505854129	0.00138810768209384	0.00141780240026563	0.00145156461970893	0.00148931557340081	0.00153087621943944	0.00157591628083974	0.00162388138052182	0.00167388726530107	0.00172456380923098	0.00177382156375005	0.00181849828737243	0.00185381987156258	0.00187257716665538	0.00186387719602425	0.00181128158937289	0.0016901264124283	0.00146391137949653	0.00108006201633386	0.000466543938467937	-0.000466543938467937
-0.000503703399977918	0.000503703399977918	0.00113643078355232	0.00151248422423988	0.00172038372495392	0.00182123991619699	0.00185541886670928	0.0018489669366427	0.00181849828737243	0.00177456161330287	0.00172384719088273	0.00167059715857337	0.00161749597758685	0.00156623095453733	0.00151784627614918	0.00147296851939168	0.00143195208437075	0.00139497441282273	0.00136209936147431	0.00133332006620487	0.0013085883511651	0.00128783513051554	0.00127098465483067	0.00125796446514526	0.00124871229162928	0.00124318072530837	0.00124134021301782	0.00124318072530837	0.00124871229162928	0.00125796446514526	0.00127098465483067	0.00128783513051554	0.0013085883511651	0.00133332006620487	0.00136209936147431	0.00139497441282272	0.00143195208437075	0.00147296851939168	0.00151784627614918	0.00156623095453733	0.00161749597758685	0.00167059715857337	0.00172384719088273	0.00177456161330287	0.00181849828737243	0.0018489669366427	0.00185541886670928	0.00182123991619699	0.00172038372495392	0.00151248422423988	0.00113643078355232	0.000503703399977918	-0.000503703399977918
-0.000535372458866709	0.000535372458866709	0.00117918520663661	0.00154331172805934	0.00173203568421604	0.00181385057147534	0.00183199249801837	0.00181319478780273	0.00177382156375005	0.00172384719088273	0.0016693402292484	0.00161398421506271	0.00156000124521756	0.00150871249303571	0.00146088000626101	0.00141691704151844	0.00137701914299039	0.00134124708062655	0.00130958020782428	0.00128195136603048	0.0012582700697457	0.00123843810088173	0.00122236008656225	0.00120995069451812	0.0012011395009741	0.00119587421891841	0.0011941227329465	0.00119587421891841	0.0012011395009741	0.00120995069451812	0.00122236008656225	0.00123843810088173	0.0012582700697457	0.00128195136603048	0.00130958020782428	0.00134124708062655	0.00137701914299039	0.00141691704151844	0.00146088000626101	0.00150871249303571	0.00156000124521756	0.0016139842150627	0.0016693402292484	0.00172384719088273	0.00177382156375005	0.00181319478780273	0.00183199249801837	0.00181385057147534	0.00173203568421604	0.00154331172805934	0.00117918520663661	0.00053537245886671	-0.00053537245886671
-0.000562013348489054	0.000562013348489054	0.00121048067402405	0.00156013684793607	0.00172991757874566	0.00179448703223183	0.00179905079071657	0.00177047125474086	0.00172456380923098	0.00167059715857337	0.00161398421506271	0.00155786727577321	0.00150404683165355	0.00145352628494334	0.00140683318808969	0.00136421045734885	0.0013257316064531	0.00129137122245006	0.00126104877187101	0.00123465628283797	0.00121207611156489	0.00119319249652084	0.00117789914483093	0.00116610423559812	0.00115773370883345	0.00115273339121126	0.00115107030754252	0.00115273339121126	0.00115773370883345	0.00116610423559812	0.00117789914483093	0.00119319249652084	0.00121207611156488	0.00123465628283797	0.00126104877187101	0.00129137122245006	0.0013257316064531	0.00136421045734885	0.00140683318808969	0.00145352628494334	0.00150404683165355	0.0015578672757732	0.0016139842150627	0.00167059715857337	0.00172456380923098	0.00177047125474086	0.00179905079071657	0.00179448703223183	0.00172991757874566	0.00156013684793607	0.00121048067402405	0.000562013348489054	-0.000562013348489054
-0.000584126706813653	0.000584126706813653	0.00123228588151637	0.00156612908150378	0.00171789236393075	0.00176723006139712	0.00176054504317405	0.00172440564302085	0.00167388726530107	0.00161749597758685	0.00156000124521756	0.00150404683165354	0.00145106372144313	0.00140178848625923	0.00135655934318164	0.00131548676595859	0.00127855294242474	0.00124567054094359	0.00121671795014076	0.00119156073175147	0.00117006486818289	0.00115210504402674	0.00113756986994769	0.00112636519222796	0.00111841618414606	0.00111366864825186	0.00111208979392965	0.00111366864825186	0.00111841618414606	0.00112636519222796	0.00113756986994769	0.00115210504402674	0.00117006486818289	0.00119156073175147	0.00121671795014076	0.00124567054094359	0.00127855294242474	0.00131548676595859	0.00135655934318164	0.00140178848625923	0.00145106372144313	0.00150404683165355	0.00156000124521756	0.00161749597758685	0.00167388726530107	0.00172440564302086	0.00176054504317405	0.00176723006139712	0.00171789236393075	0.00156612908150378	0.00123228588151637	0.000584126706813653	-0.000584126706813653
-0.000602228549582237	0.000602228549582237	0.001246373582621	0.00156395453124745	0.00169903732075258	0.00173517620645256	0.00171933863151979	0.00167749705554664	0.00162388138052182	0.00156623095453733	0.0015087124930357	0.00145352628494334	0.00140178848625923	0.0013540169677891	0.00131040037941393	0.00127094836885736	0.00123557628447846	0.00120415347300872	0.0011765311451019	0.00115255863839289	0.00113209300617106	0.00111500471452348	0.00110118104088449	0.00109052809948202	0.00108297203939353	0.00107845974071799	0.00107695920325404	0.00107845974071799	0.00108297203939353	0.00109052809948202	0.00110118104088449	0.00111500471452348	0.00113209300617106	0.00115255863839289	0.0011765311451019	0.00120415347300872	0.00123557628447846	0.00127094836885735	0.00131040037941393	0.00135401696778911	0.00140178848625923	0.00145352628494334	0.00150871249303571	0.00156623095453733	0.00162388138052182	0.00167749705554664	0.00171933863151979	0.00173517620645256	0.00169903732075258	0.00156395453124745	0.001246373582621	0.000602228549582238	-0.000602228549582238
-0.00061683201734288	0.00061683201734288	0.00125432047891798	0.00155584170103041	0.0016757956753908	0.00170067060354632	0.00167750253647408	0.00163146970576663	0.00157591628083974	0.00151784627614918	0.00146088000626101	0.00140683318808969	0.00135655934318164	0.00131040037941393	0.00126842882833208	0.00123057894060352	0.00119671815981412	0.00116668637874474	0.00114031763885933	0.00111745217529792	0.00109794310516387	0.00108166012056145	0.00106849149858452	0.00105834516608799	0.00105114923889029	0.00104685227619578	0.00104542338846236	0.00104685227619578	0.00105114923889029	0.00105834516608799	0.00106849149858452	0.00108166012056145	0.00109794310516387	0.00111745217529792	0.00114031763885933	0.00116668637874474	0.00119671815981412	0.00123057894060352	0.00126842882833208	0.00131040037941393	0.00135655934318164	0.00140683318808969	0.00146088000626101	0.00151784627614918	0.00157591628083974	0.00163146970576663	0.00167750253647408	0.00170067060354632	0.0016757956753908	0.00155584170103041	0.00125432047891798	0.00061683201734288	-0.00061683201734288
-0.000628432883823901	0.000628432883823901	0.00125751234601133	0.00154364039975344	0.00165009821686539	0.00166548219996317	0.00163652705549084	0.00158750311321451	0.00153087621943944	0.00147296851939168	0.00141691704151844	0.00136421045734885	0.00131548676595859	0.00127094836885735	0.00123057894060352	0.00119425725477144	0.00116181715159542	0.0011330791805311	0.00110786725323615	0.00108601732249074	0.0010673818070965	0.0010518317514024	0.00103925779087801	0.00102957050498422	0.00102270047431775	0.00101859821523396	0.0010172340861155	0.00101859821523396	0.00102270047431776	0.00102957050498422	0.00103925779087801	0.0010518317514024	0.0010673818070965	0.00108601732249075	0.00110786725323615	0.0011330791805311	0.00116181715159542	0.00119425725477144	0.00123057894060352	0.00127094836885735	0.00131548676595859	0.00136421045734885	0.00141691704151844	0.00147296851939168	0.00153087621943945	0.00158750311321451	0.00163652705549084	0.00166548219996317	0.00165009821686539	0.00154364039975344	0.00125751234601133	0.000628432883823901	-0.000628432883823901
-0.000637498314339128	0.000637498314339128	0.00125715252728391	0.00152887377936806	0.00162346099195749	0.00163093646404822	0.00159747482281204	0.00154639181404546	0.00148931557340082	0.00143195208437075	0.00137701914299039	0.0013257316064531	0.00127855294242474	0.00123557628447846	0.00119671815981412	0.00116181715159542	0.00113068408638885	0.00110312738770533	0.00107896566580078	0.00105803374769184	0.00104018535669188	0.00102529411032623	0.00101325370699554	0.0010039777550206	0.000997399479141257	0.000993471424742151	0.000992165219978539	0.000993471424742152	0.000997399479141257	0.0010039777550206	0.00101325370699554	0.00102529411032623	0.00104018535669188	0.00105803374769185	0.00107896566580078	0.00110312738770533	0.00113068408638885	0.00116181715159542	0.00119671815981412	0.00123557628447846	0.00127855294242474	0.0013257316064531	0.00137701914299039	0.00143195208437075	0.00148931557340082	0.00154639181404546	0.00159747482281204	0.00163093646404822	0.00162346099195749	0.00152887377936806	0.00125715252728391	0.000637498314339128	-0.000637498314339128
-0.000644458596720478	0.000644458596720478	0.00125427287751885	0.00151278440908789	0.00159706448358356	0.00159801703366656	0.00156109282554188	0.00150865771123788	0.00145156461970893	0.00139497441282273	0.00134124708062656	0.00129137122245006	0.00124567054094359	0.00120415347300872	0.00116668637874474	0.0011330791805311	0.00110312738770533	0.00107663233429098	0.00105341053955054	0.00103329767639177	0.00101614991762099	0.00100184406095222	0.000990277138651692	0.000981365863284167	0.000975046080319843	0.000971272306995825	0.000970017391703401	0.000971272306995826	0.000975046080319843	0.000981365863284168	0.000990277138651692	0.00100184406095222	0.001016149917621	0.00103329767639177	0.00105341053955054	0.00107663233429098	0.00110312738770533	0.0011330791805311	0.00116668637874474	0.00120415347300872	0.00124567054094359	0.00129137122245006	0.00134124708062656	0.00139497441282273	0.00145156461970893	0.00150865771123788	0.00156109282554188	0.00159801703366656	0.00159706448358356	0.00151278440908789	0.00125427287751885	0.000644458596720479	-0.000644458596720479
-0.00064970160856087	0.00064970160856087	0.00124974655899636	0.00149637531404411	0.00157181847884475	0.00156744456102754	0.00152789554920514	0.00147463029736077	0.00141780240026563	0.00136209936147431	0.00130958020782428	0.00126104877187101	0.00121671795014076	0.0011765311451019	0.00114031763885933	0.00110786725323615	0.00107896566580078	0.00105341053955054	0.0010310183448751	0.00101162673827327	0.000995094898147695	0.000981302998268389	0.00097015139239475	0.000961559780892812	0.000955466480239897	0.000951827843593026	0.000950617847155309	0.000951827843593027	0.000955466480239898	0.000961559780892813	0.000970151392394751	0.00098130299826839	0.000995094898147695	0.00101162673827327	0.0010310183448751	0.00105341053955054	0.00107896566580078	0.00110786725323615	0.00114031763885933	0.0011765311451019	0.00121671795014076	0.00126104877187101	0.00130958020782428	0.00136209936147431	0.00141780240026563	0.00147463029736077	0.00152789554920514	0.00156744456102754	0.00157181847884475	0.00149637531404411	0.00124974655899636	0.00064970160856087	-0.00064970160856087
-0.000653569723517144	0.000653569723517144	0.00124430211915526	0.001480446629655	0.00154841566672454	0.00153973853814892	0.00149822747227664	0.00144450474086631	0.00138810768209384	0.00133332006620487	0.00128195136603048	0.00123465628283797	0.00119156073175147	0.00115255863839289	0.00111745217529792	0.00108601732249074	0.00105803374769185	0.00103329767639177	0.00101162673827327	0.000992861130682178	0.00097686319429255	0.000963516403360599	0.000952724239012887	0.000944409153562854	0.000938511708507266	0.00093498991077415	0.000933818747351749	0.00093498991077415	0.000938511708507267	0.000944409153562855	0.000952724239012889	0.0009635164033606	0.000976863194292551	0.000992861130682179	0.00101162673827327	0.00103329767639177	0.00105803374769185	0.00108601732249075	0.00111745217529792	0.00115255863839289	0.00119156073175147	0.00123465628283797	0.00128195136603048	0.00133332006620487	0.00138810768209384	0.00144450474086631	0.00149822747227664	0.00153973853814892	0.00154841566672454	0.00148044662965501	0.00124430211915526	0.000653569723517144	-0.000653569723517144
-0.000656358769827283	0.000656358769827283	0.00123853821912004	0.00146562822034518	0.00152737608240009	0.00151526611327268	0.00147231047467824	0.00141838441609221	0.00136249505854129	0.0013085883511651	0.00125827006974571	0.00121207611156489	0.00117006486818289	0.00113209300617106	0.00109794310516387	0.0010673818070965	0.00104018535669188	0.00101614991762099	0.000995094898147695	0.00097686319429255	0.000961320198366678	0.00094835243345569	0.000937866200121969	0.000929786394946587	0.000924055554561198	0.000920633132071587	0.000919494995185577	0.000920633132071588	0.000924055554561198	0.000929786394946588	0.00093786620012197	0.000948352433455692	0.000961320198366679	0.000976863194292551	0.000995094898147695	0.001016149917621	0.00104018535669188	0.0010673818070965	0.00109794310516387	0.00113209300617106	0.00117006486818289	0.00121207611156489	0.00125827006974571	0.0013085883511651	0.0013624950585413	0.00141838441609221	0.00147231047467824	0.00151526611327268	0.00152737608240009	0.00146562822034519	0.00123853821912004	0.000656358769827283	-0.000656358769827283
-0.000658318582892978	0.000658318582892978	0.0012329383420001	0.00145240839395595	0.00150908386600517	0.0014942806980344	0.00145027996723676	0.00139631226264923	0.00134094075966	0.00128783513051555	0.00123843810088173	0.00119319249652084	0.00115210504402674	0.00111500471452348	0.00108166012056146	0.0010518317514024	0.00102529411032623	0.00100184406095222	0.00098130299826839	0.000963516403360599	0.00094835243345569	0.000935700297076133	0.000925468737342419	0.000917584746358449	0.000911992542630405	0.000908652805356619	0.000907542146982015	0.00090865280535662	0.000911992542630406	0.00091758474635845	0.000925468737342421	0.000935700297076134	0.000948352433455692	0.0009635164033606	0.00098130299826839	0.00100184406095222	0.00102529411032623	0.0010518317514024	0.00108166012056146	0.00111500471452348	0.00115210504402674	0.00119319249652084	0.00123843810088173	0.00128783513051555	0.00134094075966001	0.00139631226264923	0.00145027996723677	0.0014942806980344	0.00150908386600517	0.00145240839395595	0.0012329383420001	0.000658318582892979	-0.000658318582892979
-0.000659654662196829	0.000659654662196829	0.00122788482543062	0.00144115873012122	0.00149381738161269	0.0014769523617193	0.00143221239580974	0.00137829394959088	0.00132340118504149	0.00127098465483067	0.00122236008656225	0.00117789914483093	0.00113756986994769	0.00110118104088449	0.00106849149858452	0.00103925779087801	0.00101325370699554	0.000990277138651692	0.000970151392394751	0.000952724239012888	0.000937866200121968	0.00092546873734242	0.00091544261955627	0.00090771656394116	0.000902236166811675	0.000898963108623139	0.000897874608834843	0.00089896310862314	0.000902236166811676	0.000907716563941162	0.000915442619556271	0.000925468737342422	0.00093786620012197	0.000952724239012889	0.000970151392394751	0.000990277138651692	0.00101325370699554	0.00103925779087801	0.00106849149858452	0.00110118104088449	0.00113756986994769	0.00117789914483093	0.00122236008656225	0.00127098465483067	0.0013234011850415	0.00137829394959088	0.00143221239580974	0.0014769523617193	0.00149381738161269	0.00144115873012122	0.00122788482543062	0.00065965466219683	-0.00065965466219683
-0.00066053045378276	0.00066053045378276	0.00122367163163496	0.00143215500886656	0.0014817734785783	0.00146339147660657	0.00141814601141376	0.00136431490357675	0.0013098261847293	0.00125796446514526	0.00120995069451812	0.00116610423559812	0.00112636519222796	0.00109052809948202	0.00105834516608799	0.00102957050498422	0.0010039777550206	0.000981365863284168	0.000961559780892812	0.000944409153562854	0.000929786394946586	0.000917584746358448	0.000907716563941161	0.000900111909446002	0.000894717449362386	0.000891495640086214	0.000890424170850453	0.000891495640086215	0.000894717449362387	0.000900111909446003	0.000907716563941162	0.00091758474635845	0.000929786394946588	0.000944409153562856	0.000961559780892813	0.000981365863284168	0.0010039777550206	0.00102957050498422	0.00105834516608799	0.00109052809948202	0.00112636519222796	0.00116610423559812	0.00120995069451813	0.00125796446514526	0.0013098261847293	0.00136431490357675	0.00141814601141376	0.00146339147660657	0.0014817734785783	0.00143215500886656	0.00122367163163497	0.00066053045378276	-0.00066053045378276
-0.000661069825152143	0.000661069825152143	0.00122051537072107	0.00142559423963238	0.00147308650890881	0.00145366671434007	0.00140809627926988	0.00135435264989967	0.0013001684720728	0.00124871229162928	0.0012011395009741	0.00115773370883345	0.00111841618414606	0.00108297203939353	0.00105114923889029	0.00102270047431776	0.000997399479141259	0.000975046080319843	0.000955466480239897	0.000938511708507266	0.000924055554561197	0.000911992542630405	0.000902236166811675	0.000894717449362386	0.000889383819433463	0.000886198285533813	0.000885138870844253	0.000886198285533814	0.000889383819433464	0.000894717449362387	0.000902236166811676	0.000911992542630407	0.000924055554561199	0.000938511708507268	0.000955466480239898	0.000975046080319844	0.000997399479141257	0.00102270047431776	0.00105114923889029	0.00108297203939353	0.00111841618414606	0.00115773370883346	0.0012011395009741	0.00124871229162928	0.0013001684720728	0.00135435264989968	0.00140809627926988	0.00145366671434007	0.00147308650890882	0.00142559423963239	0.00122051537072107	0.000661069825152144	-0.000661069825152144
-0.000661359367847307	0.000661359367847307	0.00121856420678209	0.00142160781953238	0.00146784259335149	0.00144781822671163	0.00140206692911996	0.00134838549187054	0.00129439012066488	0.00124318072530837	0.00119587421891841	0.00115273339121126	0.00111366864825186	0.00107845974071799	0.00104685227619578	0.00101859821523396	0.000993471424742152	0.000971272306995826	0.000951827843593027	0.00093498991077415	0.000920633132071587	0.000908652805356619	0.000898963108623139	0.000891495640086214	0.000886198285533814	0.000883034383723947	0.000881982157471554	0.000883034383723947	0.000886198285533815	0.000891495640086215	0.00089896310862314	0.000908652805356621	0.000920633132071588	0.000934989910774152	0.000951827843593028	0.000971272306995826	0.000993471424742153	0.00101859821523396	0.00104685227619578	0.00107845974071799	0.00111366864825186	0.00115273339121126	0.00119587421891842	0.00124318072530837	0.00129439012066489	0.00134838549187054	0.00140206692911996	0.00144781822671163	0.0014678425933515	0.00142160781953238	0.00121856420678209	0.000661359367847308	-0.000661359367847308
-0.000661450242935236	0.000661450242935236	0.00121790438447922	0.00142027087168878	0.00146608952474871	0.00144586663030149	0.00140005736611019	0.00134639824395947	0.00129246679301742	0.00124134021301782	0.0011941227329465	0.00115107030754252	0.00111208979392965	0.00107695920325404	0.00104542338846236	0.0010172340861155	0.00099216521997854	0.000970017391703401	0.000950617847155309	0.000933818747351749	0.000919494995185576	0.000907542146982014	0.000897874608834842	0.000890424170850452	0.000885138870844252	0.000881982157471554	0.000880932319960713	0.000881982157471554	0.000885138870844253	0.000890424170850453	0.000897874608834844	0.000907542146982017	0.000919494995185578	0.000933818747351751	0.00095061784715531	0.000970017391703402	0.00099216521997854	0.0010172340861155	0.00104542338846236	0.00107695920325404	0.00111208979392965	0.00115107030754252	0.00119412273294651	0.00124134021301782	0.00129246679301743	0.00134639824395947	0.0014000573661102	0.00144586663030149	0.00146608952474871	0.00142027087168878	0.00121790438447923	0.000661450242935237	-0.000661450242935237
-0.000661359367847307	0.000661359367847307	0.00121856420678209	0.00142160781953238	0.00146784259335149	0.00144781822671163	0.00140206692911996	0.00134838549187054	0.00129439012066488	0.00124318072530837	0.00119587421891841	0.00115273339121126	0.00111366864825186	0.00107845974071799	0.00104685227619578	0.00101859821523396	0.000993471424742152	0.000971272306995826	0.000951827843593027	0.00093498991077415	0.000920633132071587	0.000908652805356619	0.000898963108623139	0.000891495640086214	0.000886198285533814	0.000883034383723947	0.000881982157471554	0.000883034383723947	0.000886198285533815	0.000891495640086215	0.00089896310862314	0.000908652805356621	0.000920633132071588	0.000934989910774152	0.000951827843593028	0.000971272306995826	0.000993471424742153	0.00101859821523396	0.00104685227619578	0.00107845974071799	0.00111366864825186	0.00115273339121126	0.00119587421891842	0.00124318072530837	0.00129439012066489	0.00134838549187054	0.00140206692911996	0.00144781822671163	0.0014678425933515	0.00142160781953238	0.00121856420678209	0.000661359367847308	-0.000661359367847308
-0.000661069825152143	0.000661069825152143	0.00122051537072107	0.00142559423963238	0.00147308650890881	0.00145366671434007	0.00140809627926988	0.00135435264989967	0.0013001684720728	0.00124871229162928	0.0012011395009741	0.00115773370883345	0.00111841618414606	0.00108297203939353	0.00105114923889029	0.00102270047431776	0.000997399479141259	0.000975046080319843	0.000955466480239897	0.000938511708507266	0.000924055554561197	0.000911992542630405	0.000902236166811675	0.000894717449362386	0.000889383819433463	0.000886198285533813	0.000885138870844253	0.000886198285533814	0.000889383819433464	0.000894717449362387	0.000902236166811676	0.000911992542630407	0.000924055554561199	0.000938511708507268	0.000955466480239898	0.000975046080319844	0.000997399479141257	0.00102270047431776	0.00105114923889029	0.00108297203939353	0.00111841618414606	0.00115773370883346	0.0012011395009741	0.00124871229162928	0.0013001684720728	0.00135435264989968	0.00140809627926988	0.00145366671434007	0.00147308650890882	0.00142559423963239	0.00122051537072107	0.000661069825152144	-0.000661069825152144
-0.00066053045378276	0.00066053045378276	0.00122367163163496	0.00143215500886656	0.0014817734785783	0.00146339147660657	0.00141814601141376	0.00136431490357675	0.0013098261847293	0.00125796446514526	0.00120995069451812	0.00116610423559812	0.00112636519222796	0.00109052809948202	0.00105834516608799	0.00102957050498422	0.0010039777550206	0.000981365863284168	0.000961559780892812	0.000944409153562854	0.000929786394946586	0.000917584746358448	0.000907716563941161	0.000900111909446002	0.000894717449362386	0.000891495640086214	0.000890424170850453	0.000891495640086215	0.000894717449362387	0.000900111909446003	0.000907716563941162	0.00091758474635845	0.000929786394946588	0.000944409153562856	0.000961559780892813	0.000981365863284168	0.0010039777550206	0.00102957050498422	0.00105834516608799	0.00109052809948202	0.00112636519222796	0.00116610423559812	0.00120995069451813	0.00125796446514526	0.0013098261847293	0.00136431490357675	0.00141814601141376	0.00146339147660657	0.0014817734785783	0.00143215500886656	0.00122367163163497	0.00066053045378276	-0.00066053045378276
-0.000659654662196829	0.000659654662196829	0.00122788482543062	0.00144115873012122	0.00149381738161269	0.0014769523617193	0.00143221239580974	0.00137829394959088	0.00132340118504149	0.00127098465483067	0.00122236008656225	0.00117789914483093	0.00113756986994769	0.00110118104088449	0.00106849149858452	0.00103925779087801	0.00101325370699554	0.000990277138651692	0.000970151392394751	0.000952724239012888	0.000937866200121968	0.00092546873734242	0.00091544261955627	0.00090771656394116	0.000902236166811675	0.000898963108623139	0.000897874608834843	0.00089896310862314	0.000902236166811676	0.000907716563941162	0.000915442619556271	0.000925468737342422	0.00093786620012197	0.000952724239012889	0.000970151392394751	0.000990277138651692	0.00101325370699554	0.00103925779087801	0.00106849149858452	0.00110118104088449	0.00113756986994769	0.00117789914483093	0.00122236008656225	0.00127098465483067	0.0013234011850415	0.00137829394959088	0.00143221239580974	0.0014769523617193	0.00149381738161269	0.00144115873012122	0.00122788482543062	0.00065965466219683	-0.00065965466219683
-0.000658318582892978	0.000658318582892978	0.0012329383420001	0.00145240839395595	0.00150908386600517	0.0014942806980344	0.00145027996723676	0.00139631226264923	0.00134094075966	0.00128783513051555	0.00123843810088173	0.00119319249652084	0.00115210504402674	0.00111500471452348	0.00108166012056146	0.0010518317514024	0.00102529411032623	0.00100184406095222	0.00098130299826839	0.000963516403360599	0.00094835243345569	0.000935700297076133	0.000925468737342419	0.000917584746358449	0.000911992542630405	0.000908652805356619	0.000907542146982015	0.00090865280535662	0.000911992542630406	0.00091758474635845	0.000925468737342421	0.000935700297076134	0.000948352433455692	0.0009635164033606	0.00098130299826839	0.00100184406095222	0.00102529411032623	0.0010518317514024	0.00108166012056146	0.00111500471452348	0.00115210504402674	0.00119319249652084	0.00123843810088173	0.00128783513051555	0.00134094075966001	0.00139631226264923	0.00145027996723677	0.0014942806980344	0.00150908386600517	0.00145240839395595	0.0012329383420001	0.000658318582892979	-0.000658318582892979
-0.000656358769827283	0.000656358769827283	0.00123853821912004	0.00146562822034518	0.00152737608240009	0.00151526611327268	0.00147231047467824	0.00141838441609221	0.00136249505854129	0.0013085883511651	0.00125827006974571	0.00121207611156489	0.00117006486818289	0.00113209300617106	0.00109794310516387	0.0010673818070965	0.00104018535669188	0.00101614991762099	0.000995094898147695	0.00097686319429255	0.000961320198366678	0.00094835243345569	0.000937866200121969	0.000929786394946587	0.000924055554561198	0.000920633132071587	0.000919494995185577	0.000920633132071588	0.000924055554561198	0.000929786394946588	0.00093786620012197	0.000948352433455692	0.000961320198366679	0.000976863194292551	0.000995094898147695	0.001016149917621	0.00104018535669188	0.0010673818070965	0.00109794310516387	0.00113209300617106	0.00117006486818289	0.00121207611156489	0.00125827006974571	0.0013085883511651	0.0013624950585413	0.00141838441609221	0.00147231047467824	0.00151526611327268	0.00152737608240009	0.00146562822034519	0.00123853821912004	0.000656358769827283	-0.000656358769827283
-0.000653569723517144	0.000653569723517144	0.00124430211915526	0.001480446629655	0.00154841566672454	0.00153973853814892	0.00149822747227664	0.00144450474086631	0.00138810768209384	0.00133332006620487	0.00128195136603048	0.00123465628283797	0.00119156073175147	0.00115255863839289	0.00111745217529792	0.00108601732249074	0.00105803374769185	0.00103329767639177	0.00101162673827327	0.000992861130682178	0.00097686319429255	0.000963516403360599	0.000952724239012887	0.000944409153562854	0.000938511708507266	0.00093498991077415	0.000933818747351749	0.00093498991077415	0.000938511708507267	0.000944409153562855	0.000952724239012889	0.0009635164033606	0.000976863194292551	0.000992861130682179	0.00101162673827327	0.00103329767639177	0.00105803374769185	0.00108601732249075	0.00111745217529792	0.00115255863839289	0.00119156073175147	0.00123465628283797	0.00128195136603048	0.00133332006620487	0.00138810768209384	0.00144450474086631	0.00149822747227664	0.00153973853814892	0.00154841566672454	0.00148044662965501	0.00124430211915526	0.000653569723517144	-0.000653569723517144
-0.00064970160856087	0.00064970160856087	0.00124974655899636	0.00149637531404411	0.00157181847884475	0.00156744456102754	0.00152789554920514	0.00147463029736077	0.00141780240026563	0.00136209936147431	0.00130958020782428	0.00126104877187101	0.00121671795014076	0.0011765311451019	0.00114031763885933	0.00110786725323615	0.00107896566580078	0.00105341053955054	0.0010310183448751	0.00101162673827327	0.000995094898147695	0.000981302998268389	0.00097015139239475	0.000961559780892812	0.000955466480239897	0.000951827843593026	0.000950617847155309	0.000951827843593027	0.000955466480239898	0.000961559780892813	0.000970151392394751	0.00098130299826839	0.000995094898147695	0.00101162673827327	0.0010310183448751	0.00105341053955054	0.00107896566580078	0.00110786725323615	0.00114031763885933	0.0011765311451019	0.00121671795014076	0.00126104877187101	0.00130958020782428	0.00136209936147431	0.00141780240026563	0.00147463029736077	0.00152789554920514	0.00156744456102754	0.00157181847884475	0.00149637531404411	0.00124974655899636	0.00064970160856087	-0.00064970160856087
-0.000644458596720478	0.000644458596720478	0.00125427287751885	0.00151278440908789	0.00159706448358356	0.00159801703366656	0.00156109282554188	0.00150865771123788	0.00145156461970893	0.00139497441282273	0.00134124708062656	0.00129137122245006	0.00124567054094359	0.00120415347300872	0.00116668637874474	0.0011330791805311	0.00110312738770533	0.00107663233429098	0.00105341053955054	0.00103329767639177	0.00101614991762099	0.00100184406095222	0.000990277138651692	0.000981365863284167	0.000975046080319843	0.000971272306995825	0.000970017391703401	0.000971272306995826	0.000975046080319843	0.000981365863284168	0.000990277138651692	0.00100184406095222	0.001016149917621	0.00103329767639177	0.00105341053955054	0.00107663233429098	0.00110312738770533	0.0011330791805311	0.00116668637874474	0.00120415347300872	0.00124567054094359	0.00129137122245006	0.00134124708062656	0.00139497441282273	0.00145156461970893	0.00150865771123788	0.00156109282554188	0.00159801703366656	0.00159706448358356	0.00151278440908789	0.00125427287751885	0.000644458596720479	-0.000644458596720479
-0.000637498314339128	0.000637498314339128	0.00125715252728391	0.00152887377936806	0.00162346099195749	0.00163093646404822	0.00159747482281204	0.00154639181404546	0.00148931557340082	0.00143195208437075	0.00137701914299039	0.0013257316064531	0.00127855294242474	0.00123557628447846	0.00119671815981412	0.00116181715159542	0.00113068408638885	0.00110312738770533	0.00107896566580078	0.00105803374769184	0.00104018535669188	0.00102529411032623	0.00101325370699554	0.0010039777550206	0.000997399479141257	0.000993471424742151	0.000992165219978539	0.000993471424742152	0.000997399479141257	0.0010039777550206	0.00101325370699554	0.00102529411032623	0.00104018535669188	0.00105803374769185	0.00107896566580078	0.00110312738770533	0.00113068408638885	0.00116181715159542	0.00119671815981412	0.00123557628447846	0.00127855294242474	0.0013257316064531	0.00137701914299039	0.00143195208437075	0.00148931557340082	0.00154639181404546	0.00159747482281204	0.00163093646404822	0.00162346099195749	0.00152887377936806	0.00125715252728391	0.000637498314339128	-0.000637498314339128
